SPEAKER         id       #SENT      #WORD       Corr        Sub        Ins        Del        Err      S.Err
f1              raw         56       1888        955        549         10        384        943         56
f1              sys         56       1888      50.58      29.08       0.53      20.34      49.95     100.00
f5              raw         45       1568        845        424         31        299        754         45
f5              sys         45       1568      53.89      27.04       1.98      19.07      48.09     100.00
m1              raw         47       1501        928        354         20        219        593         47
m1              sys         47       1501      61.83      23.58       1.33      14.59      39.51     100.00
m3              raw         35       1217        653        279          7        285        571         35
m3              sys         35       1217      53.66      22.93       0.58      23.42      46.92     100.00
SUM             raw        183       6174       3381       1606         68       1187       2861        183
SUM             sys        183       6174      54.76      26.01       1.10      19.23      46.34     100.00
