SPEAKER         id       #SENT      #WORD       Corr        Sub        Ins        Del        Err      S.Err
f1              raw         56       1888       1221        515         64        152        731         56
f1              sys         56       1888      64.67      27.28       3.39       8.05      38.72     100.00
f5              raw         45       1568       1026        400         67        142        609         45
f5              sys         45       1568      65.43      25.51       4.27       9.06      38.84     100.00
m1              raw         47       1501       1161        268         60         72        400         46
m1              sys         47       1501      77.35      17.85       4.00       4.80      26.65      97.87
m3              raw         35       1217        847        244         24        126        394         35
m3              sys         35       1217      69.60      20.05       1.97      10.35      32.37     100.00
SUM             raw        183       6174       4255       1427        215        492       2134        182
SUM             sys        183       6174      68.92      23.11       3.48       7.97      34.56      99.45
