SPEAKER         id       #SENT      #WORD       Corr        Sub        Ins        Del        Err      S.Err
f1              raw         56       1888        821        507          1        560       1068         56
f1              sys         56       1888      43.49      26.85       0.05      29.66      56.57     100.00
f5              raw         45       1568        738        376         19        454        849         45
f5              sys         45       1568      47.07      23.98       1.21      28.95      54.15     100.00
m1              raw         47       1501        809        331         11        361        703         47
m1              sys         47       1501      53.90      22.05       0.73      24.05      46.84     100.00
m3              raw         35       1217        607        251          2        359        612         35
m3              sys         35       1217      49.88      20.62       0.16      29.50      50.29     100.00
SUM             raw        183       6174       2975       1465         33       1734       3232        183
SUM             sys        183       6174      48.19      23.73       0.53      28.09      52.35     100.00
