SPEAKER         id       #SENT      #WORD       Corr        Sub        Ins        Del        Err      S.Err
f1              raw         56       1888       1167        546         55        175        776         56
f1              sys         56       1888      61.81      28.92       2.91       9.27      41.10     100.00
f5              raw         45       1568        969        382         48        217        647         45
f5              sys         45       1568      61.80      24.36       3.06      13.84      41.26     100.00
m1              raw         47       1501       1118        282         59        101        442         47
m1              sys         47       1501      74.48      18.79       3.93       6.73      29.45     100.00
m3              raw         35       1217        820        243         29        154        426         35
m3              sys         35       1217      67.38      19.97       2.38      12.65      35.00     100.00
SUM             raw        183       6174       4074       1453        191        647       2291        183
SUM             sys        183       6174      65.99      23.53       3.09      10.48      37.11     100.00
